286115456.5081967
-262410903.33333334
78533494.25714286
45633348.36363637
194352133.15789473
-50839306.8367347
-196772716.26865673
-42450004.766666666
-103708181.08695652
-222570685.1276596
-3106719.3333333335
160782857.30645162
-96922994.76190476
-52613778.5
337612902.1034483
-98838860.06
-255336715.14634147
-134972510.0
266848087.17391303
221850369.55319148
13708474.081632653
-231587019.26190478
-101662397.37662338
125341898.16666667
135636254.2222222
-314994375.3235294
-309385618.94871795
-403090190.72
311118159.9117647
-23650804.0
125632377.375
-248866492.10344827
-266153955.3478261
-41757135.684210524
-26993053.70588235
-230634721.68
27629768.833333332
94273565.1904762
22855033.533333335
-220494856.72727272
376467414.55172414
-81727326.57333334
-147808465.03896105
-1127208.3466666667
-217679740.02222222
-40470385.02597403
-81358547.63513513
-305497755.58064514
-205494297.57142857
81667248.03448276
79747511.50943395
