19039.0,15547.0,19640.0,19379.0,11600.0,13358.0,14513.0,15331.0,12326.0,13479.5,14633.0,16521.0,19001.0,13863.0,15352.0,
19417.0,14541.0,19735.0,19725.0,15199.0,11733.0,18329.0,19683.0,17530.0,18217.0,13388.0,13664.0,16989.0,12299.0,
19939.0,18368.0,16187.0,15115.0,17398.0,13551.0,15650.0,11599.0,15246.0,18893.0,14682.0,12355.0,
19979.0,15734.0,14752.0,11839.0,16224.0,12515.0,16974.0,12634.0,17490.0,18579.0,13253.0,14390.0,13678.0,12951.0,19314.0,18167.0,15460.0,14925.0,14390.0,12693.0,11685.0,13878.0,18276.0,11771.5,14268.0,12161.0,19405.0,13935.0,
12672.0,11900.0,16864.0,15851.0,16012.0,16867.0,14181.0,13551.0,12012.0,13735.5,15459.0,18599.0,18153.5,17708.0,12563.0,15335.0,17682.0,15107.0,13478.0,19722.0,19620.0,12707.0,13497.0,16639.0,
14614.0,19251.0,19975.0,12947.0,17449.0,16917.0,13708.0,13324.0,16984.0,13463.0,17473.0,14986.0,16335.0,17046.0,18713.0,19367.0,16991.0,11919.0,
16699.0,19179.0,14629.0,12374.0,13263.0,12135.0,18537.0,15051.0,16232.0,17600.0,
15865.0,17838.0,15449.0,19402.0,15894.0,19873.0,12564.0,13856.0,14803.0,19493.0,19904.0,14366.0,13490.0,18371.0,19526.0,19953.0,11698.0,14872.0,18534.0,11936.5,15966.0,13571.0,18693.0,19183.0,18420.0,13399.0,11668.0,16480.0,
17033.0,12221.0,19683.0,16126.0,16772.0,15955.0,14231.0,
17048.0,16304.0,18372.0,18793.0,15246.0,12295.0,17751.0,14681.0,17046.0,19121.0,19979.0,13896.0,18823.0,15343.0,16646.0,15277.0,19784.0,14406.0,18990.0,13941.0,13727.0,13216.0,11829.0,13259.0,12377.0,13743.0,16933.0,14496.5,12060.0,18200.0,13924.0,18859.0,18792.0,12028.0,
13877.0,15687.0,19647.0,18924.0,18083.0,12445.0,16640.0,17593.0,18584.0,11686.0,14949.0,15720.0,17101.0,
15747.0,15503.0,12658.0,12461.0,18097.0,16183.0,19778.0,13053.0,
16129.0,11513.0,15933.0,13868.0,15603.0,14621.0,17865.0,18839.0,19898.0,16915.0,16837.0,13847.5,17680.0,14258.0,12590.0,18600.0,19314.0,18810.0,12822.0,15858.0,18965.0,18625.0,11782.0,
11628.0,13799.0,16474.0,19334.0,12659.0,15563.0,17606.0,19792.0,13105.0,12843.0,11787.0,12484.0,12535.0,18703.0,19708.0,
11553.0,12801.0,15237.0,16655.0,12707.0,19391.0,12012.0,12752.0,17843.0,16675.0,15673.0,17605.0,13000.0,15540.0,18009.0,14386.0,18745.0,13943.0,13106.0,18769.0,12202.0,14062.0,13932.0,15232.0,14364.0,15556.0,19740.0,13304.0,15816.0,14808.0,19596.0,13017.0,19404.0,16302.0,
13849.0,11940.0,17855.0,12122.0,18397.0,14890.0,17618.0,17546.0,11686.0,19164.0,15397.0,11453.0,12246.0,16531.0,15401.0,18641.0,14232.0,13555.0,16337.0,19946.0,12385.0,15822.0,18323.0,
14245.0,18169.0,13421.0,19122.0,11757.0,15812.0,13168.0,17292.0,17950.0,19790.0,
15055.0,12117.0,14810.0,14798.0,14629.0,12125.0,14361.0,15144.0,13665.0,13661.0,12771.0,18524.0,
15379.0,16623.0,19321.0,13502.0,19566.0,15961.0,13879.0,14149.0,15587.0,15209.0,14831.0,16171.0,11612.0,15972.0,12407.0,12708.0,15336.0,14370.0,
14601.0,18569.0,19436.0,18821.0,13603.0,14804.0,16942.0,18092.0,19066.0,17166.0,12139.0,16666.0,19852.0,14092.0,19524.0,17373.0,12088.0,16716.0,12271.0,16066.0,11807.0,17733.0,19805.0,12652.0,13471.0,
13922.0,14215.0,12991.0,15188.0,17615.0,15868.0,12502.0,19056.0,12893.0,17417.0,16953.0,13716.0,14146.0,12553.0,12445.0,15820.5,19196.0,17152.0,14439.0,11726.0,12145.5,19252.0,19242.0,19313.0,19356.0,15260.0,
14338.0,15871.0,15747.0,14481.0,13752.0,19166.0,13899.0,17697.0,15610.0,19980.0,
18144.0,14647.0,17984.0,17268.0,15093.0,17128.0,12114.0,13579.0,14810.0,16253.0,16706.0,13905.0,15249.0,16182.0,14254.0,18848.0,12018.0,16678.0,11713.0,13143.0,13494.0,
17644.0,12488.0,16878.0,17511.0,12695.0,17514.0,15165.0,12816.0,13771.0,17501.0,12393.0,14063.0,18314.0,
13551.0,13071.0,17730.0,12076.0,12788.0,18863.0,14116.0,12316.0,19945.0,12792.0,16762.0,16889.0,16515.0,12574.0,18146.0,15233.0,19779.0,18573.5,17368.0,13010.5,15538.0,18195.0,14285.0,16769.0,15007.0,12842.0,
12586.0,11909.0,13687.0,13203.0,11684.0,17339.0,17318.0,15781.0,16157.0,17179.0,16746.0,19524.0,18769.0,19888.0,17620.0,
19197.0,18974.0,13783.0,18103.0,14918.0,15562.0,17158.0,16686.0,18049.0,12466.0,13210.0,12642.0,13131.0,14776.0,11558.0,
13765.0,18122.0,19257.0,19135.0,17488.0,18796.0,15536.0,16666.0,17796.0,14594.0,19424.0,18081.0,19373.0,
15670.0,15584.0,16029.0,18755.0,13503.0,13062.0,13575.0,13532.0,14239.0,13627.0,13015.0,17185.0,19331.0,15638.0,17756.0,19014.0,19454.0,12396.0,14767.0,13233.0,15079.0,18206.0,19852.0,14302.0,11756.0,
17995.0,16698.0,15590.0,12235.0,19392.0,19014.0,16776.0,14538.0,13214.0,13107.0,19181.0,12326.0,19889.0,17895.0,15520.0,
17203.0,15374.0,19848.0,14404.0,16670.0,13287.0,19975.0,19416.0,19621.0,19846.0,12890.0,18100.0,12934.0,16020.0,19445.0,12264.0,13492.0,17979.0,14802.0,15936.0,
13543.0,13907.0,17240.0,11456.5,12199.0,12432.0,12439.0,15527.0,16263.0,18459.0,12987.0,17579.0,18848.0,12630.0,12319.0,13947.0,12600.5,16750.0,14974.0,18544.0,18407.0,15356.0,
19030.0,14393.0,19120.0,19733.0,16313.0,16670.0,19019.0,12622.5,14388.0,16722.5,19057.0,12407.0,17409.0,13541.0,
12428.0,12976.0,14664.0,11507.0,17753.0,16900.0,14738.0,13020.0,16131.0,13795.0,15638.0,13450.0,13714.0,
18704.0,12996.0,12091.0,19064.0,14437.0,14958.0,17005.0,15719.0,15742.0,17423.0,15922.0,12801.0,13219.0,17040.0,14136.0,13820.0,14541.0,19981.0,19897.0,17768.0,17269.0,11984.0,16720.0,16366.0,11536.0,11689.0,18412.0,19677.0,13904.0,
19956.0,15176.0,13384.0,18575.0,18713.0,19066.0,14931.0,14998.0,12532.0,13862.0,13543.0,13062.0,19765.0,14368.0,15215.0,12274.0,17784.0,11598.0,12461.0,12173.0,16733.0,15636.0,18563.0,18364.0,19652.0,16086.0,19025.0,
17968.0,18789.0,12509.0,15438.0,16865.0,17622.0,18656.0,14444.0,19700.0,16763.0,17977.0,19255.0,19194.0,18018.5,16843.0,13011.0,19908.0,14602.0,14985.0,17584.0,
19235.0,15793.0,16108.0,16494.0,12224.0,15138.0,17004.0,17141.0,13062.0,11777.0,16633.0,15187.0,14005.0,17522.0,18054.0,14953.0,15880.0,16236.0,12618.0,15804.0,18310.0,15992.0,14922.0,13852.0,17532.0,13698.0,18624.0,13902.0,17199.0,13016.0,15842.0,12721.5,12025.0,17518.0,
15906.0,19576.0,19012.0,15975.0,18910.0,13394.0,12981.0,19742.0,14870.0,17048.0,15888.0,13279.0,
15932.0,12031.0,18763.0,17867.0,12319.0,12371.0,14245.0,13099.0,12730.0,19076.0,18069.0,17931.0,18851.0,14854.0,
14491.0,13433.0,19778.0,13688.0,18909.0,11777.0,13973.0,12581.0,15244.0,18901.0,17011.0,17015.0,19031.0,17269.0,13057.0,16390.0,18202.0,14167.0,17291.0,14775.0,
16579.0,14305.0,17366.0,15530.0,13273.0,13337.0,19391.0,13856.0,15553.0,14268.0,19385.0,16197.0,15863.0,13277.0,15833.0,15184.0,15572.0,19596.0,19076.0,17921.0,15409.0,12297.0,15769.0,18644.0,18561.0,12065.0,14806.0,12156.0,
17930.0,13333.0,12197.0,16648.0,12349.0,16346.0,12602.0,17768.0,13054.0,12780.0,16686.0,17788.0,14058.0,15459.0,13013.0,11665.0,19935.0,14561.0,18786.0,14098.0,19961.0,16963.0,
15220.0,11645.0,16252.0,11967.0,19635.0,16807.0,19281.0,13660.0,12445.0,13958.0,13134.0,18202.0,19498.0,11671.0,17893.0,18245.0,13844.0,19033.0,11526.0,
11471.0,15363.0,14893.0,17173.0,12439.0,14514.0,11507.0,16268.0,18190.0,12961.0,12690.0,18744.0,11567.0,19134.0,11777.0,17913.0,19924.0,14178.0,14445.0,17540.0,11458.0,16939.0,13424.0,13672.0,
15249.0,17647.0,14475.0,19815.0,15428.5,14016.0,12580.0,15342.0,11455.0,15344.0,19376.0,13564.0,17596.0,19097.0,17884.0,15823.0,11591.0,17940.0,13829.0,16085.0,18528.0,11946.0,
14951.0,15077.0,19612.0,13464.0,18168.0,12566.0,17654.0,16492.0,14815.0,19375.0,18506.0,15139.0,19259.0,18309.0,14171.0,11862.0,18285.0,12000.0,18077.0,14204.0,18639.0,16585.0,17768.0,11949.0,14367.0,17076.0,14072.0,19917.0,14418.0,12641.0,
18373.0,16305.0,17310.0,19097.0,13925.0,14149.0,16593.0,15555.0,18901.0,13822.0,19872.0,16268.0,13615.0,13419.0,12156.0,11500.0,17115.0,15959.0,17183.0,18370.0,19150.0,17795.5,16441.0,12510.0,13071.0,16735.0,14145.0,14151.0,13726.0,
14411.0,15944.0,18296.0,14811.0,16122.0,17619.0,14116.0,13223.0,12362.0,11946.0,13171.0,
15282.0,16113.0,15682.0,16866.0,17715.0,17860.0,18839.0,13927.0,12119.0,14375.5,18421.0,13346.5,13301.0,18670.0,18334.0,13802.0,19757.0,11908.0,15728.0,19359.0,13707.0,17325.0,19768.0,16738.0,12941.0,18679.0,13560.0,12699.0,
17408.0,16221.0,13143.0,14848.0,18828.0,18897.0,16852.0,13488.0,11888.0,12647.0,13967.0,12444.0,18097.0,15409.0,12721.0,19376.0,14003.0,11519.5,12834.0,13486.0,14464.0,
16912.0,15856.0,14101.0,19920.0,14046.0,16823.0,17632.0,18441.0,15728.0,11635.0,15183.0,17252.0,12965.0,13145.0,11652.0,18204.0,16938.0,13599.0,19823.0,16517.0,18767.0,18769.0,14804.0,17102.0,15252.0,
13788.0,13556.0,11806.0,13769.0,16152.0,17911.0,14766.0,19122.0,11643.0,14865.0,15078.0,18268.0,19167.0,18665.0,16241.0,15709.0,11765.0,15324.5,18884.0,18449.0,11805.0,12538.0,18219.0,14164.0,19536.0,14751.0,15164.0,
11706.0,19210.0,12716.0,18641.0,15172.0,16184.0,15238.0,18202.0,13341.0,17495.0,13659.0,17441.0,12039.0,13831.0,
11738.0,15513.0,11804.0,12049.0,11494.0,11629.0,14280.0,12272.0,13251.0,18387.0,14337.5,19689.0,13246.0,16938.0,19105.0,12915.0,13292.0,15226.0,
19927.0,18872.0,11894.0,19712.0,15139.0,12975.0,17158.0,17520.0,15999.0,16049.0,12193.0,14928.0,17667.0,16977.0,16332.0,15126.0,12772.0,19243.0,15415.0,12997.0,14862.0,16727.0,17612.0,16420.0,12394.0,17803.0,11692.0,15453.0,12898.0,13336.0,18682.0,19137.0,15546.0,14899.0,13393.0,13375.0,
14118.0,11608.0,17047.0,11709.0,12574.0,14597.0,14128.0,12692.0,19148.0,19886.0,16832.0,14877.0,15497.0,16984.0,15712.5,14441.0,14761.0,11599.0,19240.0,18994.0,16626.0,13222.0,17905.0,16442.0,18907.0,15462.5,12018.0,16550.0,13085.0,16431.0,17695.5,18960.0,18830.0,
15399.0,19658.0,18479.0,13331.0,16229.0,13469.0,14087.0,14699.0,12082.0,18553.0,15743.0,14565.0,19089.0,15592.0,13658.0,11825.0,12778.0,
19680.0,15169.0,19570.0,16070.0,16625.0,18821.0,19261.0,
14483.0,14716.0,12924.0,19475.0,18916.0,19295.0,11796.0,18823.0,18909.0,14899.0,15031.0,18206.0,12532.0,14210.0,18739.0,13465.0,12263.0,19207.0,17374.0,19638.0,16732.0,15399.0,18971.0,19917.0,18086.5,16256.0,12781.0,11485.0,15167.0,13865.0,18729.0,12699.0,12337.0,
19740.0,19089.0,19748.0,13948.0,19342.0,18714.0,17616.0,16518.0,16912.0,17700.0,19520.0,15034.0,13037.0,15737.0,12655.5,12678.0,11832.0,15209.0,16881.0,13038.0,18347.0,15296.0,11656.0,13731.0,15092.0,19768.0,18643.0,12869.0,19367.0,12344.0,12312.0,
14943.0,13140.0,12656.0,14071.0,13534.0,14557.0,17121.0,15550.0,18059.0,18338.0,15430.0,18333.0,19477.0,14044.0,
14728.0,19826.0,15847.0,16725.0,15475.0,18363.0,17259.0,17183.0,17167.0,17825.0,17958.5,18092.0,13996.0,
15082.0,13572.0,18338.0,14073.0,16064.0,14080.0,17300.0,16887.0,14809.0,18742.0,17489.0,11627.0,18168.0,12189.5,17390.0,12914.0,16143.0,
19978.0,15586.0,15742.0,15530.0,17811.0,19940.0,17161.0,17749.0,12722.0,15541.5,18361.0,17695.5,17030.0,11879.0,16906.0,14238.0,15971.0,15760.0,17883.0,17394.0,18501.0,18849.0,19863.0,16997.0,17689.0,19511.0,15668.0,19368.0,15361.0,
19523.0,18890.0,15728.0,15866.0,15009.0,16171.0,12167.0,11716.0,16732.0,18421.0,12767.0,18156.0,15321.0,15511.0,16973.0,19827.0,
16604.0,19574.0,14340.0,14157.0,19149.0,18818.0,17541.0,18184.0,11453.0,14606.0,15772.0,11478.0,11781.0,13817.5,15854.0,18769.0,14176.0,15544.0,18897.0,19293.0,16638.0,12635.0,11739.0,19055.0,15065.0,13790.0,14280.0,
16539.0,12813.0,19640.0,11602.0,14304.0,12977.5,11651.0,14110.0,17783.0,11515.0,13538.0,13398.0,12399.0,13617.0,
14774.0,11830.0,17720.0,17806.0,15697.0,14650.0,12952.0,19711.0,15813.0,16265.0,16293.0,11517.0,19256.0,18365.0,12908.0,18851.0,12215.0,14758.0,14094.0,13556.0,19022.0,16421.0,12309.0,17597.0,18680.0,
16436.0,18537.0,13789.0,14810.0,16998.0,14676.0,12938.0,12284.0,17250.0,13829.0,13730.0,14632.0,19371.0,17419.0,17036.0,19330.0,15916.0,
11527.0,15238.0,14416.0,14578.0,14407.0,19474.0,19494.0,18668.0,19590.0,15861.0,11989.0,14214.0,17152.0,19089.0,
16764.0,12399.0,16154.0,15112.0,13889.0,14779.0,12050.0,14749.0,15733.0,14337.0,18741.0,15215.0,11624.0,17516.0,12596.0,18790.0,16915.0,18172.0,13483.0,14036.0,18560.0,16420.0,13203.0,17903.0,12361.0,14321.0,17265.0,
13316.0,16697.0,13001.0,19708.0,16427.0,16737.0,12556.0,18656.0,11475.0,18843.0,11713.0,19944.0,13994.0,18379.0,12150.0,15658.0,13081.0,11986.0,17951.0,14524.0,11931.0,19200.0,19945.0,13678.0,14030.0,12909.0,17383.0,19033.0,15192.0,14622.0,
17444.0,19758.0,19346.0,13603.0,14529.0,18239.0,14183.0,13249.0,13017.0,17778.0,14204.0,15769.0,12746.0,18946.0,17779.0,19948.0,19892.0,15041.0,16642.0,19239.0,12888.0,12067.0,15763.0,17079.0,11813.0,14600.0,12287.0,
12977.0,15238.0,17661.0,19076.0,14556.0,17469.0,12179.0,17465.0,15895.0,11832.0,19299.0,19822.0,19675.0,12113.0,11583.0,18425.0,14901.0,18236.0,17217.0,
15187.0,16437.0,17797.0,14583.0,16005.0,13539.0,15854.0,17949.0,19215.0,18029.0,12360.0,11924.0,11733.5,14392.0,18470.0,16976.0,16225.5,15475.0,13545.0,15555.0,17565.0,11991.0,
13452.0,11609.0,15676.0,14222.0,12848.0,16941.0,15641.0,17255.0,19062.0,18486.5,17911.0,14825.0,16744.0,14689.0,
13524.0,15738.0,19030.0,14582.0,12374.0,14934.0,18280.0,16694.0,18532.0,16828.5,15125.0,17262.0,18240.0,19142.0,13897.0,19663.0,17025.0,12292.0,17305.0,14048.0,16012.0,16656.0,14846.0,17211.0,14047.0,14275.0,12356.0,17859.0,18565.0,15876.0,
